ncols         16
nrows         12
xllcorner     4
yllcorner     46.5
cellsize      0.5
NODATA_value  -1
2.956932  182.1  14.55681  0.05992824 -1 -1 -1 -1 -1 -1 -1 -1 -1 -1 -1 -1
-1 -1 -1 -1  413.4358  11693.84  32.37435  2748.89 -1 -1 -1 -1 -1 -1 -1 -1
-1 -1 -1 -1 -1  21.73391  146.3231  2308.791  33.97684 -1 -1 -1 -1 -1 -1 -1
-1 -1 -1 -1 -1  20.9668  2610.653  2682.479  2110.038  4654.205 -1 -1 -1 -1 -1 -1
-1 -1 -1 -1  943.071  2075.637  5.665922  55.17378  0  0  67.62924  23.01845  1849.043  1125.001  6.515117 -1
-1 -1 -1  129.738  0  1.872921  0  254.8512  321.7418  105.5807  0  2.754234  2477.77  52.33318  574.4526  31.98468
-1 -1 -1  40.09183  1.385544  0.8741318  5.818951  1.279611  1060.811  2151.882  524.0872  80.25404 -1  79.67513 -1 -1
-1 -1 -1 -1  7.66015  1.042211  0.6494308  1807.178  151.6364  0  6.952957  6926.797 -1 -1 -1 -1
-1 -1 -1 -1  2.001278  2025.132  5.995582  0  0.6437092  20.43308 -1 -1 -1 -1 -1 -1
-1 -1 -1 -1 -1 -1  18.17056  1.042454  0  104.1559  148.6483  54.29851 -1 -1 -1 -1
-1 -1 -1 -1 -1 -1  4.922598  13.18369  2.599761  7.820223  49.04566  38.56511 -1 -1 -1 -1
-1 -1 -1 -1 -1  427.7228  0  33.63487  20.3318  14.31272  2218.551  0.4257511 -1 -1 -1 -1
