    1             0.0             0.0
    2          4205.6          4205.6
    3         81732.3         81732.3
    4         12070.1         12070.1
    5          2577.5          2577.5
    6         12070.1         12070.1
    7             0.0             0.0
    8             0.0             0.0
    9             0.0             0.0
   10             0.0             0.0
   11             0.0             0.0
   12          1891.0          1891.0
   13         10126.6         10126.6
   14          3407.5          3407.5
   15          2574.7          2574.7
   16          8962.8          8962.8
   17          4518.2          4518.2
   18             0.0             0.0
   19             0.0             0.0
   20             0.0             0.0
   21             0.0             0.0
   22             0.0             0.0
   23             0.0             0.0
   24             0.0             0.0
   25             0.0             0.0
   26             0.0             0.0
   27          1741.8          1741.8
   28             0.0             0.0
   29          1902.8          1902.8
   30          1516.0          1516.0
   31          1840.2          1840.2
   32          1516.0          1516.0
   33          5861.3          5861.3
   34          9274.9          9274.9
   35          3198.6          3198.6
   36           953.3           953.3
   37          8796.9          8796.9
   38           953.3           953.3
   39          8665.4          8665.4
   40          8683.1          8683.1
   41          2610.8          2610.8
   42             0.0             0.0
   43             0.0             0.0
   44             0.0             0.0
   45             0.0             0.0
   46             0.0             0.0
   47             0.0             0.0
   48             0.0             0.0
   49             0.0             0.0
   50          1240.7          1240.7
   51             0.0             0.0
   52         43494.4         43494.4
   53          2262.6          2262.6
   54             0.0             0.0
   55          4205.6          4205.6
   56          3964.5          3964.5
   57          6199.6          6199.6
   58          4518.2          4518.2
   59          2574.7          2574.7
   60          1891.0          1891.0
   61             0.0             0.0
   62         12070.1         12070.1
   63         11483.5         11483.5
   64          3964.5          3964.5
   65         21136.8         21136.8
   66          3161.0          3161.0
   67             0.0             0.0
   68             0.0             0.0
   69             0.0             0.0
   70             0.0             0.0
   71             0.0             0.0
   72             0.0             0.0
   73             0.0             0.0
   74         14416.8         14416.8
   75          3138.1          3138.1
   76         14416.8         14416.8
   77          3584.4          3584.4
   78          9274.9          9274.9
   79          1516.0          1516.0
   80         14107.0         14107.0
   81         14416.8         14416.8
   82         19375.2         19375.2
   83         10943.8         10943.8
   84         16246.2         16246.2
   85         13528.7         13528.7
   86          5422.7          5422.7
   87           842.5           842.5
   88          1032.9          1032.9
   89         19981.2         19981.2
   90             0.0             0.0
   91         15246.9         15246.9
   92          2610.8          2610.8
   93         14212.0         14212.0
   94           953.3           953.3
   95         11555.3         11555.3
   96             0.0             0.0
   97          7589.4          7589.4
   98          7292.2          7292.2
   99          7179.8          7179.8
  100             0.0             0.0
  101         10221.2         10221.2
  102         40723.3         40723.3
  103          7589.4          7589.4
  104         11555.3         11555.3
  105         19981.2         19981.2
  106           842.5           842.5
  107         13528.7         13528.7
  108         19146.7         19146.7
  109         10943.8         10943.8
  110         14416.8         14416.8
  111          3161.0          3161.0
  112          3964.5          3964.5
  113          2262.6          2262.6
  114             0.0             0.0
  115             0.0             0.0
  116             0.0             0.0
  117             0.0             0.0
  118             0.5             0.5
  119             0.0             0.0
