    1  1111637.5     4654.2
    2        0.0        0.0
    3   495757.2     2075.6
    4      447.3        1.9
    5      208.8        0.9
    6      447.3        1.9
    7   225248.6      943.1
    8        0.0        0.0
    9    30987.4      129.7
   10        0.0        0.0
   11     9575.8       40.1
   12      330.9        1.4
   13   483694.3     2025.1
   14      478.0        2.0
   15     1829.6        7.7
   16      155.1        0.6
   17      248.9        1.0
   18    16153.0       67.6
   19        0.0        0.0
   20   441636.2     1849.0
   21     5497.9       23.0
   22      657.8        2.8
   23   268701.8     1125.0
   24    12499.6       52.3
   25   137205.6      574.5
   26    12499.6       52.3
   27    19030.1       79.7
   28    12499.6       52.3
   29    19168.3       80.3
   30   125176.0      524.1
   31        0.0        0.0
   32   125176.0      524.1
   33     4880.4       20.4
   34     1660.7        7.0
   35     1867.8        7.8
   36      620.9        2.6
   37     3418.5       14.3
   38      620.9        2.6
   39     4856.2       20.3
   40     8033.5       33.6
   41     1175.7        4.9
   42   656560.9     2748.9
   43     7732.5       32.4
   44  2793025.0    11693.8
   45    98747.4      413.4
   46     8115.2       34.0
   47   551445.1     2308.8
   48    34948.7      146.3
   49     5191.1       21.7
   50     5007.8       21.0
   51     5191.1       21.7
   52   640698.9     2682.5
   53   623543.6     2610.7
   54   503973.8     2110.0
   55        0.0        0.0
   56    13178.0       55.2
   57     1389.8        5.8
   58      248.9        1.0
   59     1829.6        7.7
   60      330.9        1.4
   61        0.0        0.0
   62      447.3        1.9
   63     1353.3        5.7
   64    13178.0       55.2
   65        0.0        0.0
   66    60870.1      254.9
   67     7639.4       32.0
   68     1556.1        6.5
   69    12499.6       52.3
   70   591805.0     2477.8
   71      657.8        2.8
   72        0.0        0.0
   73        0.0        0.0
   74    76846.7      321.7
   75    25217.5      105.6
   76    76846.7      321.7
   77  1654436.6     6926.8
   78     1660.7        7.0
   79   125176.0      524.1
   80   513968.0     2151.9
   81    76846.7      321.7
   82      305.6        1.3
   83   253370.3     1060.8
   84      153.7        0.6
   85   431636.9     1807.2
   86     1432.0        6.0
   87        0.0        0.0
   88     4340.0       18.2
   89      249.0        1.0
   90   102159.8      427.7
   91        0.0        0.0
   92     1175.7        4.9
   93     3148.9       13.2
   94      620.9        2.6
   95        0.0        0.0
   96    11714.4       49.0
   97    24877.2      104.2
   98   529891.7     2218.6
   99      101.7        0.4
  100     9211.1       38.6
  101    12969.0       54.3
  102    35504.0      148.6
  103    24877.2      104.2
  104        0.0        0.0
  105      249.0        1.0
  106        0.0        0.0
  107   431636.9     1807.2
  108    36217.7      151.6
  109   253370.3     1060.8
  110    76846.7      321.7
  111    60870.1      254.9
  112    13178.0       55.2
  113   623543.6     2610.7
  114     5191.1       21.7
  115    98747.4      413.4
  116       14.3        0.1
  117     3476.8       14.6
  118    43493.8      182.1
  119      706.3        3.0
