ncols         16
nrows         12
xllcorner     4
yllcorner     46.5
cellsize      0.5
NODATA_value  -1
-1  30401.52  47654.51  19485.83 -1 -1 -1 -1 -1 -1 -1 -1 -1 -1 -1 -1
-1 -1 -1 -1  21807.63  1240.703  2262.646  43494.36 -1 -1 -1 -1 -1 -1 -1 -1
-1 -1 -1 -1 -1  81732.31  11483.46  3964.49  4205.603 -1 -1 -1 -1 -1 -1 -1
-1 -1 -1 -1 -1  12070.14  21136.82  3160.978  14416.8  3138.053 -1 -1 -1 -1 -1 -1
-1 -1 -1 -1  1891.015  2577.526  6199.581  19375.2  10943.83  14107.01  1516.043  1902.848  2543.331  1741.848  7539.693 -1
-1 -1 -1  9029.088  2574.719  4518.195  8962.755  13528.72  19146.72  1840.206  9274.882  3584.359  2473.035  6185.839  1628.643  1773.276
-1 -1 -1  1870.888  3407.511  10126.65  5422.735  842.5405  16246.24  5861.298  10971.05  1732.009 -1  1588.097 -1 -1
-1 -1 -1 -1  5700.201  2242.591  1032.857  19981.16  11555.33  7589.354  40723.35  10221.21 -1 -1 -1 -1
-1 -1 -1 -1  2252.667  2015.586  2610.842  14212.02  953.2751  3198.558 -1 -1 -1 -1 -1 -1
-1 -1 -1 -1 -1 -1  15246.91  8683.055  8665.394  8796.864  7292.154  7179.843 -1 -1 -1 -1
-1 -1 -1 -1 -1 -1  4653.706  15976.85  9857.553  12481.85  1329.682  8479.462 -1 -1 -1 -1
-1 -1 -1 -1 -1  3272.587  1287.975  2073.656  1826.78  1679.36  1490.519  1884.343 -1 -1 -1 -1
