ncols         16
nrows         12
xllcorner     4
yllcorner     46.5
cellsize      0.5
NODATA_value  -1
-1  25.32884  25.29092  24.76478 -1 -1 -1 -1 -1 -1 -1 -1 -1 -1 -1 -1
-1 -1 -1 -1  24.65024  24.41548  23.84878  24.06574 -1 -1 -1 -1 -1 -1 -1 -1
-1 -1 -1 -1 -1  23.98484  21.2263  20.03438  18.569796 -1 -1 -1 -1 -1 -1 -1
-1 -1 -1 -1 -1  25.91998  24.2943  21.57922  22.22148  25.23452 -1 -1 -1 -1 -1 -1
-1 -1 -1 -1  23.41506  24.64618  25.56638  25.48638  24.64768  26.21166  22.81266  21.93364  24.04552  24.88476  22.34416 -1
-1 -1 -1  20.95748  23.39902  24.35404  24.29552  26.32988  26.50706  24.39438  23.39722  23.32342  24.1445  25.02092  23.59336  23.0482
-1 -1 -1  21.97598  23.8293  23.37912  23.7303  23.70592  25.93834  23.6729  22.93174  21.89726 -1  24.39644 -1 -1
-1 -1 -1 -1  24.0058  23.98536  23.86544  24.90404  20.40924  21.36808  23.67206  22.08932 -1 -1 -1 -1
-1 -1 -1 -1  21.28958  17.59445  20.72162  23.96606  18.276662  22.5798 -1 -1 -1 -1 -1 -1
-1 -1 -1 -1 -1 -1  20.72596  18.497054  18.005342  22.50076  22.81342  18.534746 -1 -1 -1 -1
-1 -1 -1 -1 -1 -1  17.440818  19.098534  16.209396  12.421302  5.767378  13.867564 -1 -1 -1 -1
-1 -1 -1 -1 -1  17.717  17.18641  14.507696  4.99602  13.313884  18.84204  17.710008 -1 -1 -1 -1
